function Y = flight_data()
Y = [-6.873674924087510, -35.225658606598770;
     -4.671796160997659, -33.735060906763351;
     -2.903959040527902, -33.873980911524839;
     -1.386752108250267, -35.887089185568371;
     1.212598350114467, -35.386697944233404;
     0.524135471008334, -34.350634534012364;
     4.276545590592690, -34.642227200534677;
     4.458409704095076, -35.441132719263365;
     5.891134904821735, -35.788339490434090;
     7.633555393374517, -35.724477286761747;
     9.237854977395651, -37.459347412200785;
     10.912113339624874, -38.877133004920530;
     11.695600448532797, -39.405573644732399;
     12.514330298563825, -37.809659218312689;
     14.342976256785191, -40.009291712829011;
     15.500244816700882, -39.942764349482559;
     15.637424505439929, -42.147969398557620;
     18.716101857597124, -41.468694955120156;
     19.393672016632316, -42.167501298695292;
     19.762199675872552, -42.088996575220975;
     19.257102239735637, -44.802592813472906;
     19.229966978611721, -44.020238219171546;
     21.625778457707238, -43.169448172109924;
     21.568926951740433, -44.509867958261083;
     22.440722239306865, -45.266423095191023;
     23.572618591441547, -45.667672324832019;
     21.675071556724923, -45.227746530473205;
     22.258274475454783, -44.874812385466633;
     25.603938998169561, -46.602331036156642;
     23.264548283498289, -45.388241808267331;
     25.464182569853751, -43.853123227797980;
     26.477344210849690, -44.396535071869387;
     25.998746123164029, -44.578666903111795;
     28.468596929722555, -43.539170333568734;
     27.799564977179664, -44.169581512241813;
     31.138788422919280, -43.024538831677042;
     28.818257810535325, -43.341550924274216;
     30.347765712999308, -41.000664719520913;
     30.679282985017789, -41.616070544277846;
     33.477933081827146, -40.077935519622848;
     32.178276693106802, -41.436293758171956;
     34.817040625465708, -39.866358426405391;
     34.447883233129609, -40.536449457812786;
     32.949874145390936, -39.364056405544297;
     38.129961222232062, -38.306640605556417;
     37.025522675690752, -37.514751044804484;
     39.812395337180021, -37.316832300063936;
     38.016862759088667, -36.684427062768258;
     42.866308398870082, -34.091868057020108;
     44.309852407500465, -34.484251712420395;
     44.779394897700769, -35.611087067054029;
     46.793928417871918, -34.976435860960180;
     48.069297025616763, -35.324698531531155;
     49.008833847165178, -32.527529841147583;
     50.359895119364722, -33.288564602959603;
     52.142062594845640, -34.113860189131550;
     53.995090937708675, -34.275494413765578;
     55.822873084950196, -34.633749391040617;
     55.926874127313511, -34.598895162880822;
     59.153987395490567, -33.983760622673508;
     60.493844710954363, -32.662911832030566;
     60.576971533306157, -35.800114034207695;
     63.093827449500701, -35.896061229409469;
     64.079150824674429, -35.469768651129542;
     65.509848084695705, -36.848964203170972;
     67.775485671220466, -37.397153103266135;
     65.397969182160296, -38.427512180048765;
     68.726503806844818, -36.930672867790420;
     68.561954352310750, -37.128974709166741;
     69.997467623048152, -39.890192559668733;
     71.771909968299653, -40.191104059656894;
     70.398171478062153, -43.191680509654645;
     73.171816253508823, -40.152538606130975;
     72.242717887811779, -42.259771172431286;
     71.774728110373289, -42.215559586075543;
     74.177353022475430, -40.731428844282014;
     75.330328053876130, -39.766388364347478;
     75.542704499153643, -43.131318427505761;
     76.672287838754428, -41.934178875257992;
     77.804606470895521, -41.990210881713828;
     78.779671562000857, -41.559641043241086;
     78.728113313845625, -43.134934840931933;
     79.868878775530618, -40.782982130812243;
     82.663869285393247, -41.874362035380365;
     79.870050825843606, -43.097001184938840;
     81.275548418129631, -42.474600377625933;
     82.414188237037976, -42.198181861141585;
     83.963159410679737, -38.803668796352689;
     85.568880804732814, -39.851046238898185;
     85.593790153550287, -39.759082292084692;
     84.984558204039701, -40.285233751333251;
     86.344006530876186, -38.263055894061942;
     86.250897465985489, -38.340706939491675;
     89.193309272207372, -36.986196214367148;
     90.673140494868065, -34.691355401868080;
     90.583324160635371, -35.728754180711405;
     90.712419525808400, -34.805686523749259;
     93.016478527687696, -34.454062414937773;
     97.535571328790411, -35.564621136520508;
     95.743707134814244, -32.520548829351888;
     98.849901339690433, -33.434112399949470;
     98.380914400674754, -34.302820831315159;
     99.190092648680178, -34.036105965557766;
     101.920862175032951, -32.687086150476105;
     104.756489358581092, -32.747992040742808;
     105.084382796361425, -33.378854618954463;
     106.181355233846205, -33.887116409104728;
     108.202023020709362, -34.141909867980893;
     109.056203491033841, -31.723538737546676;
     110.755116018975215, -32.312855644584303;
     111.284370984084433, -35.805056187184668;
     112.663417178267906, -32.976078197672280;
     112.948770201982327, -34.496554867468980;
     117.440684474516203, -34.131055174911026;
     117.123961826067458, -35.902259511438913;
     118.224691431700137, -33.849645478808519;
     117.680403371362516, -35.613605797191127;
     120.265555341411101, -35.262189890353135;
     123.015782215280552, -34.361363451765619;
     123.239714639901933, -34.953625534885674;
     123.113039196846799, -37.170594211515123;
     123.572405825327806, -35.075255574491585;
     123.775355320966469, -37.219124383314401;
     126.171138581514640, -37.580751101949851;
     125.856839278036716, -40.128300449903122;
     128.603861047049520, -36.646719514503239;
     129.628905955606996, -38.219262262761461;
     129.240624887075541, -38.711011180876966;
     130.164480051631926, -39.870495776300132;
     130.683697089493506, -39.637837263991912;
     133.248945446964228, -37.110743915779373;
     133.457973021856589, -39.499419943973145;
     132.559188117715792, -38.485831804009472;
     135.369425206905447, -40.072035289554222;
     136.430996047269900, -37.720572228968877;
     135.900557857539781, -38.880608196853011;
     138.715422659542838, -38.887645936698704;
     138.628774688235183, -38.743987994374116;
     138.918333407744427, -40.058641841188894;
     138.762979919848021, -37.727161106483180;
     139.973361692763945, -39.190246698304009;
     142.252484505793745, -37.366122965925371;
     143.360077639438828, -37.437524171275939;
     141.370835212847737, -34.501205385201956;
     144.233513884406534, -35.618867130805640;
     145.043260974511611, -35.463035096955906;
     148.199332638323995, -33.545241215942198;
     147.259817175159355, -33.720433378763431;
     148.772681976743485, -34.039413990338417;
     149.904017282680542, -33.869514705219565;
     153.393842100670724, -33.129231898004022;
     153.713631954371067, -32.415789316615751;
     154.907473815282657, -32.210122200896322;
     155.225148718470564, -32.149568311105611;
     159.100079276523900, -31.661390267852031;
     157.731285782955553, -31.970129125541781;
     161.547652989309228, -32.738566308612683;
     161.025321112695707, -32.263593746455257;
     160.972600068881661, -30.814257647640648;
     164.601354317936028, -30.751789311703924;
     166.188700108888185, -32.090527169326414;
     167.068149024839215, -33.189889567709507;
     165.903123602001642, -32.098136281811158;
     170.880113645963434, -33.601971792686754;
     170.196499341527186, -30.759153946139811;
     174.061550840011961, -31.158660474604144;
     173.838172627404589, -33.426203784802915;
     174.963854102718017, -33.917979368321653;
     176.623656618768251, -33.452038474340632;
     175.707066387766218, -33.887089863657330;
     178.616443432554007, -32.747812014330172;
